dataset_name=sharegpt
num_prompts=4000
host=34.150.0.25
port=30000
request_rate=32
max_concurrency=32
model=google/gemma-2-2b-it
timestamp=20260418-142745
outdir=logs/sharegpt/20260418-142745
bench_start_epoch=1776522525.407739
bench_end_epoch=1776525163.530354
