dataset_name=generated-shared-prefix
num_prompts=4000
host=127.0.0.1
port=30000
request_rate=32
max_concurrency=32
model=google/gemma-2-2b-it
timestamp=20260419-141938
outdir=/home/daeun/cs551-spring26-group-proj-sglang/logs/generated-shared-prefix/20260419-141938
bench_start_epoch=1776608389.004851
bench_end_epoch=1776612417.054497
