dataset_name=generated-shared-prefix
num_prompts=4000
host=35.221.137.139
port=30000
request_rate=32
max_concurrency=32
model=google/gemma-2-2b-it
timestamp=20260419-173155
outdir=/home/whomerde/logs/generated-shared-prefix/20260419-173155
bench_start_epoch=1776619975.252666
bench_end_epoch=1776627097.815191
